A3 05 D2 02 AB 04 AF 03 F0 01 E3 02 63 05 C7 04
B3 02 69 00 8A 02 4E 04 6A 05 07 05 11 03 5D 03
66 04 B6 03 E5 02 A0 01 A5 03 A4 06 DB 02 35 05
9B 00 31 05 31 00 90 03 BA 04 F9 02 16 04 19 05
9A 04 FE 01 45 03 33 01 97 03 B0 01 76 02 02 01
07 04 7B 04 05 03 CE 04 59 05 17 03 AF 01 5F 06
13 05 1A 01 A9 05 78 01 56 03 53 04 7A 04 3B 05
E7 03 00 03 EC 04 91 03 E9 02 BD 03 E7 03 E7 01
B2 04 84 01 03 05 FD 04 76 04 FF 02 0B 02 C8 04
A8 06 02 03 D6 04 48 03 BD 02 72 03 F7 06 69 04
7B 02 A7 05 BD 04 84 05 23 04 27 01 5C 04 E3 03
26 02 37 01 85 04 DF 03 BE 03 AF 04 96 06 B8 02
5A 03 D4 03 BF 01 E1 03 36 02 9D 04 28 05 87 FF
0D 05 4C 01 7E 04 5B 04 9E 03 F4 02 89 03 32 02
7F 03 35 03 A9 01 A7 03 49 05 80 03 CC 05 28 05
80 04 5B 05 9C 04 BB 01 00 03 A9 03 23 02 3F 03
5C 03 14 03 78 02 3B 02 2A 03 00 03 7A 04 0C 03
60 02 58 06 D3 02 C9 03 81 05 40 05 73 02 C0 04
88 03 74 01 0C 06 F2 01 30 03 55 05 13 05 F9 02
17 04 08 02 11 06 D9 01 52 00 0B 01 01 04 88 03
A2 02 48 05 EB 05 A5 03 82 04 4D 02 C6 00 BA 03
DC 02 8C 03 C8 01 76 03 0F 05 83 00 6E 03 2F 03
81 02 26 07 D5 02 65 03 5F 05 87 03 67 03 5A 01
B6 03 E4 04 CB 01 7F 03 D1 04 48 04 30 02 A3 04
E8 04 60 03 C9 05 13 06 9C 04 B1 02 50 02 2C 01
17 04 0D 01 74 04 08 03 20 04 2F 05 CF 04 24 05
B0 05 E8 05 71 02 D5 03 AB 02 90 05 20 02 B7 05
F8 01 C0 02 A2 04 1F 06 A3 03 24 02 CC 04 43 04
B7 02 89 03 AD 03 EC 04 FC 04 AE 02 C3 05 93 05
03 03 46 05 11 05 D9 02 B1 02 E4 02 38 05 78 02
5B 06 6F 03 DD 02 C1 01 CD 05 90 02 
