80 02 3C 02 CF 03 51 02 94 04 D7 01 B6 03 46 FF
AA 04 13 02 9B 02 FD 03 73 02 1B 04 7C 04 C5 02
B8 02 31 03 FB 03 1B 03 DE 03 F9 03 BE 02 AE 02
34 01 57 03 0C 06 29 04 3D 03 B6 04 D2 05 6B 07
D5 05 80 05 D5 01 DC 02 12 03 37 02 D1 03 70 03
F1 03 A8 02 89 02 C4 05 45 04 0B 04 6E 03 26 04
26 04 F1 04 CE 01 F6 04 D8 03 97 05 FB 00 A5 06
B2 04 D9 03 A1 02 13 02 E6 02 1B 02 34 03 55 04
6C 02 CB 03 42 05 91 01 C4 05 21 04 8B 03 6C 02
AE 01 12 05 A6 04 BD 03 B6 06 CF 01 64 03 35 07
70 02 29 04 37 01 EE 02 0E 02 E5 05 D4 04 87 02
31 03 40 02 31 03 1F 05 9A 04 FF 01 7F 02 14 02
16 03 69 04 9C 04 C1 FF 62 00 6C 02 50 05 70 03
5D 03 20 04 BE 03 22 00 72 06 48 06 B8 01 B8 05
12 04 67 02 C8 02 CB 01 18 03 C6 00 63 03 33 03
F8 04 E8 03 2A 05 51 03 F7 05 34 01 E0 01 4A 03
FD 04 3D 05 82 04 DC 03 F8 02 7A 02 67 01 E2 02
78 05 21 05 3F 03 D2 02 68 04 36 04 38 05 C0 05
92 03 C2 01 CD 02 80 04 77 03 53 05 93 06 F8 02
3A 03 83 05 5A 03 6A 04 66 02 F1 05 23 04 47 05
AF 04 36 02 03 05 40 03 05 07 5E 02 38 01 80 05
E9 03 77 04 EF 01 54 04 75 06 0F 03 8D 03 B4 02
EE 01 A7 02 81 02 D7 04 9C 05 4D 04 3B 06 A1 04
78 03 AE 04 57 02 B9 03 90 04 F0 06 D1 02 B7 02
03 04 BF 02 9B 04 5B 03 5E 02 B9 06 F6 05 AE 05
B2 01 17 03 62 06 26 04 AC 02 76 05 6C 03 95 03
0E 01 7B 05 36 07 B3 05 61 02 66 02 2E 05 B3 04
62 05 82 03 5A 01 21 04 DD 02 12 06 E9 02 1D 04
22 01 B1 03 DD 01 D7 01 8F 03 48 03 D8 03 04 04
88 03 2E 02 8A 03 76 02 29 04 40 02 96 05 EF 03
D0 03 70 03 B4 04 D9 03 CD 03 5F 05 

